2871
462
2
3
4
5
10
15
16
18
19
20
23
24
26
28
31
35
37
38
40
42
43
44
47
49
51
56
59
60
61
62
64
68
70
72
74
75
81
89
90
94
95
96
99
103
106
107
111
112
113
114
115
118
119
120
121
124
127
128
129
130
131
140
141
142
144
146
147
148
155
156
157
168
169
170
175
176
180
182
183
185
189
191
193
198
202
207
208
209
212
214
215
217
219
222
225
227
229
232
234
239
242
246
249
250
252
256
258
259
261
266
271
273
275
277
280
281
282
283
289
290
292
293
294
297
301
302
304
305
307
309
312
313
317
318
320
321
326
329
330
332
334
335
336
338
342
344
345
347
350
351
352
353
355
358
359
361
362
365
367
369
371
372
373
374
375
382
383
384
385
390
391
392
393
394
396
397
398
401
405
406
410
411
412
413
417
419
421
422
423
428
429
432
434
435
436
437
439
441
443
445
446
447
448
449
450
452
453
456
457
458
462
464
466
469
472
473
475
479
481
482
489
490
491
492
493
494
496
497
500
501
503
506
507
510
511
512
513
514
515
519
520
521
523
525
526
527
528
530
531
538
542
543
544
548
549
551
559
561
565
570
571
574
577
578
579
580
581
584
585
588
589
591
592
594
597
598
599
600
601
602
603
604
605
606
612
616
621
622
623
626
632
635
638
642
647
648
650
651
652
654
656
657
660
662
667
668
669
671
674
675
678
679
683
684
685
686
687
691
692
693
697
699
701
703
706
708
709
711
715
716
720
721
722
724
725
729
730
732
734
735
739
740
741
742
744
746
751
752
753
757
759
760
762
763
764
765
766
771
774
775
777
780
784
786
791
792
795
800
801
803
806
807
808
811
815
817
820
823
825
829
830
831
834
836
839
841
842
843
847
849
850
852
853
856
858
861
863
864
866
867
870
871
874
876
878
879
881
882
884
885
889
890
891
893
894
895
898
903
905
907
908
909
910
912
913
915
924
925
929
933
934
935
937
939
940
942
945
946
950
956
957
958
959
960
964
966
967
969
972
976
978
980
985
986
990
991
992
993
996
997
998
1000